name: new_ukbrest
channels:
  - conda-forge
  - defaults
dependencies:
  - aniso8601=8.0.0=py_0
  - appnope=0.1.0=py36hf537a9a_0
  - asn1crypto=1.3.0=py36_0
  - beautifulsoup4=4.6.0=py36_1
  - blas=1.0=mkl
  - ca-certificates=2020.1.1=0
  - certifi=2020.4.5.1=py36_0
  - cffi=1.14.0=py36hb5b8e2f_0
  - chardet=3.0.4=py36_1003
  - click=7.1.2=py_0
  - coverage=5.0=py36h1de35cc_0
  - coveralls=1.2.0=py36_0
  - cryptography=2.3.1=py36hdbc3d79_0
  - decorator=4.4.2=py_0
  - docopt=0.6.2=py36_0
  - eventlet=0.21.0=py36_0
  - flask=1.1.2=py_0
  - flask-httpauth=3.2.4=py_0
  - flask-restful=0.3.6=py_1
  - gevent=1.2.2=py36ha70b9d6_0
  - greenlet=0.4.15=py36h1de35cc_0
  - gunicorn=19.7.1=py36h5d76517_0
  - html5lib=0.999999999=py36h79312fd_0
  - icu=58.2=h0a44026_3
  - idna=2.9=py_1
  - intel-openmp=2019.4=233
  - ipython=6.2.1=py36h3dda519_1
  - ipython_genutils=0.2.0=py36_0
  - itsdangerous=1.1.0=py36_0
  - jedi=0.17.0=py36_0
  - jinja2=2.11.2=py_0
  - joblib=0.11=py36_0
  - krb5=1.16.1=h24a3359_6
  - libcxx=10.0.0=1
  - libedit=3.1.20181209=hb402a30_0
  - libffi=3.2.1=h0a44026_6
  - libgfortran=3.0.1=h93005f0_2
  - libiconv=1.16=h1de35cc_0
  - libpq=10.5=hf30b1f0_0
  - libxml2=2.9.9=hf6e021a_1
  - libxslt=1.1.33=h33a18ac_0
  - lxml=4.1.1=py36hef8c89e_1
  - markupsafe=1.1.1=py36h1de35cc_0
  - mkl=2018.0.3=1
  - mkl_fft=1.0.6=py36hb8a8100_0
  - mkl_random=1.0.1=py36h5d10147_1
  - ncurses=6.2=h0a44026_1
  - nose=1.3.7=py36_2
  - numpy=1.13.3=py36ha9ae307_4
  - openssl=1.0.2u=h1de35cc_0
  - pandas=0.21.0=py36hfed917e_1
  - parso=0.7.0=py_0
  - pexpect=4.8.0=py36_0
  - pickleshare=0.7.5=py36_0
  - pip=20.0.2=py36_3
  - prompt_toolkit=1.0.15=py36haeda067_0
  - psycopg2=2.7.3.2=py36hfcdd239_0
  - ptyprocess=0.6.0=py36_0
  - pycparser=2.20=py_0
  - pycrypto=2.6.1=py36h1de35cc_9
  - pygments=2.6.1=py_0
  - pyopenssl=19.0.0=py36_0
  - pysocks=1.7.1=py36_0
  - python=3.6.3=h47c878a_7
  - python-dateutil=2.8.1=py_0
  - pytz=2020.1=py_0
  - pyyaml=5.3.1=py36h1de35cc_0
  - readline=7.0=h1de35cc_5
  - requests=2.23.0=py36_0
  - ruamel.yaml=0.15.34=py36_0
  - setuptools=46.4.0=py36_0
  - simplegeneric=0.8.1=py36_2
  - six=1.14.0=py36_0
  - sqlalchemy=1.3.17=py36haf1e3a3_0
  - sqlite=3.20.1=h7e4c145_2
  - tk=8.6.8=ha441bb4_0
  - traitlets=4.3.3=py36_0
  - urllib3=1.25.8=py36_0
  - wcwidth=0.1.9=py_0
  - webencodings=0.5.1=py36_1
  - werkzeug=1.0.1=py_0
  - wheel=0.34.2=py36_0
  - xz=5.2.5=h1de35cc_0
  - yaml=0.1.7=hc338f04_2
  - zlib=1.2.11=h1de35cc_3
prefix: /opt/anaconda3/envs/new_ukbrest

